0 0
1 2
2 4
3 1
4 3
5 8
6 10
7 12
8 14
9 5
10 7
11 18
12 6
13 21
14 9
15 24
16 26
17 28
18 30
19 11
20 13
21 34
22 36
23 38
24 40
25 15
26 17
27 44
28 16
29 47
30 19
31 50
32 52
33 20
34 55
35 57
36 59
37 22
38 62
39 23
40 65
41 27
42 25
43 69
44 71
45 73
46 75
47 77
48 29
49 31
50 81
51 83
52 85
53 32
54 88
55 33
56 91
57 37
58 36
59 95
60 97
61 35
62 42
63 42
64 39
65 46
66 45
67 44
68 44
69 46
70 45
71 44
72 46
73 45
74 44
75 41
76 44
77 51
78 49
79 45
80 50
81 49
82 45
83 43
84 50
85 55
86 54
87 49
88 53
89 57
90 48
91 59
92 56
93 65
94 62
95 65
96 63
97 58
98 70
99 68
